61728
53029
50935
62503
54583
50765
51282
66573
58773
59919
64628
58758
50804
63273
65220
56638
62851
52034
66939
66108
65484
63496
53143
51817
67351
66393
57219
50625
67619
65175
59561
51570
60832
62748
52326
50405
61890
65548
62022
51366
51226
60266
65999
55531
64938
63330
59807
63238
65017
63556
51254
59933
56697
50770
52204
55799
55600
62697
60834
62419
63366
60492
66231
51078
67265
51304
66657
61845
50268
50988
67379
56312
58154
63725
52729
66281
53465
63797
68086
67495
56590
65092
68019
52784
52636
64486
52885
54302
58733
67611
67013
65971
55554
53302
62164
50168
60229
51225
50674
60291
66599
57018
62582
52061
52141
61337
58725
64299
61805
56679
53209
60464
60786
52246
68101
61546
54291
51770
59855
55120
51504
65375
54779
56198
62962
55654
55352
68156
56329
55618
52021
59671
61806
61833
60994
61577
63746
60595
67505
50792
63961
67551
64167
66312
58118
50773
55546
64838
58590
65005
54851
65244
64387
67512
53694
58705
58834
51596
57406
50912
57249
67746
58719
64391
65272
67782
63048
57148
63519
59186
63684
52181
64437
61115
55205
50687
63977
62918
52652
65241
52498
67476
60722
59471
62383
61279
56700
54635
52538
59582
58294
66737
52728
62567
63980
57088
68102
57012
58155
54610
58846
60735
65850
57457
61018
53477
59826
62365
60000
60820
52522
63898
62013
64782
67103
59889
51127
58223
59112
55930
52340
57862
55478
50141
54281
67228
59892
63424
60356
57151
67150
53880
64931
57616
53447
59887
54570
52123
56035
56020
58341
62819
52832
60831
65029
52795
52901
55364
67772
53924
57020
53062
54902
51766
50583
60330
65732
54234
53487
50910
57916
64130
63040
63276
52490
64590
66636
61102
61990
51105
63279
58373
50655
64458
60226
65592
52720
58783
52077
57733
65607
50557
54016
51563
67120
61603
60273
61383
57848
65422
50700
56311
64740
63969
62029
53952
64667
66383
67915
53665
64131
62994
62847
56182
58041
55249
65755
59842
62815
67169
52429
62604
67972
64868
56466
63946
55604
55792
66640
52768
64394
65372
60388
60462
52869
55870
63512
64012
51261
64910
65670
53158
64771
60227
58469
51064
55053
56131
53334
66445
57596
62683
53421
65734
58699
52360
63524
52101
59631
61987
57825
58098
58848
51672
54442
51245
50512
55485
61353
67309
62584
67906
51456
60732
60438
66176
55199
59765
65701
64093
65387
50135
51466
55847
63111
67901
53472
63971
51294
50731
61985
54979
64775
52428
53841
50360
63105
65893
56354
57031
62891
59564
65068
57884
56265
50511
58816
60498
52161
64302
65663
58527
63390
57282
54344
67415
60166
56722
60338
58624
59787
66081
65717
65801
55070
65278
50715
51449
54697
62564
64879
51333
54948
60740
54764
52127
63033
59068
61965
55637
59676
51302
66915
55734
67987
56737
66649
62882
67694
62068
62783
53443
57110
58218
50350
65442
54310
67669
62672
66239
61567
56798
53355
59211
55045
50513
65113
62238
65399
54152
56996
56523
60037
51171
56410
63266
58888
56440
52054
58111
64532
63536
55762
52650
61849
57725
66840
55641
50175
52088
62478
63892
50795
62050
57393
62459
53867
58925
65044
66867
57041
57691
56213
64216
63751
59876
51131
54500
62159
57207
57138
64525
50357
54959
64144
60775
58241
52165
56263
60679
51156
58467
67714
60700
50200
63923
62134
62400
58030
66747
52859
68144
50717
63115
64902
55410
57806
65502
57098
61659
66589
53650
61716
66470
50695
57280
50408
57136
61161
58968
57386
53054
56761
67051
62389
60238
67304
64081
55103
52052
53071
60502
60609
59782
64305
64317
53293
61439
65911
62148
59713
57679
53449
66472
59594
62539
63807
52451
60665
58189
50348
59285
62861
53557
66349
59772
56425
59389
54336
65868
61117
63268
61211
52351
58909
67344
56713
64955
60057
50440
59838
55292
61847
54196
58296
50390
65614
59503
64275
56546
60837
64281
67177
54157
50907
67924
55550
51142
52866
50632
56230
61506
55936
60759
57160
50782
57476
60619
68030
53085
57313
62532
53098
60869
65772
67496
56678
63617
61393
50172
56075
64091
56769
54448
64055
55856
54646
54364
57718
58303
51167
61544
66392
65883
50805
51243
50381
58677
55445
54999
52319
59906
64070
58666
53405
55297
67858
52356
63248
60121
61436
56876
61363
57159
60413
61035
59784
60667
56415
60276
60773
66228
65322
66809
64863
62547
53831
56108
64436
55431
52135
54478
50586
64124
60146
63993
64150
50719
59792
65357
59673
63354
61274
58537
66690
56800
51986
53481
53100
64442
67465
50919
58310
56306
56390
60140
51472
62600
51633
56239
53809
56122
67883
63269
64929
61394
58532
59529
63952
62491
53893
50622
67682
58381
52923
63790
56998
65526
60903
55489
67677
51549
51897
65552
53610
66775
51353
53257
54683
58220
54007
58251
51523
57804
61508
50676
66786
50686
62625
64497
65601
66917
60756
67628
52877
55487
63417
54838
53260
65311
57417
55656
57355
52096
61543
51478
57509
59899
59652
57275
63060
67282
63901
56382
67092
55706
60567
50635
60966
62496
65103
67751
60107
50784
59388
58293
57951
60169
61719
53651
64767
50131
62476
60611
63431
65546
55394
65739
57410
57830
61642
57495
63777
53971
53940
67153
52311
66390
53196
50453
57745
59944
67723
66413
50514
53552
58961
60059
60142
61164
64382
59805
58702
55420
55522
53347
54946
59675
58087
53504
68167
57966
59781
53223
56990
55288
55754
57467
54776
63425
64502
57996
65146
67093
58106
59128
57943
60020
65630
65645
56756
52274
57508
52320
52517
60910
50714
52930
59938
63967
55969
67620
62176
58552
63916
53672
52929
58423
63679
63412
59091
50595
62837
59194
65312
53471
56753
62468
61573
62155
55232
56324
53774
62402
63651
60415
65003
51732
56566
53489
61891
62483
67840
67817
60172
64869
62340
55320
57187
59277
64750
64020
59220
58142
65531
54907
57251
54585
52258
62695
66260
67067
56774
67738
60137
54712
59205
54491
61563
67424
53556
54011
63240
54786
56314
65626
67348
56398
67290
64161
59817
58093
60879
53113
65069
59497
52774
62230
60049
68061
58485
61969
61892
51691
55869
56760
50410
54877
60222
61238
54254
63339
65738
65142
67992
65967
50718
54634
56178
58977
65968
61008
58523
52205
54566
54380
57123
64298
52042
57301
64152
62203
59495
51399
52269
54048
52220
61024
67900
62415
61548
59158
63677
53025
68068
51349
68108
56480
62550
54936
67493
57453
65482
56691
50943
66438
62850
64834
51036
57469
57838
58194
56559
61759
64815
56681
53315
61896
58772
66376
57618
59012
63881
59441
63509
50316
51356
53628
63226
65480
50280
66500
65071
66323
62578
53441
53530
66241
67401
57343
59678
65132
64372
61515
60206
57706
67578
50738
59865
55645
50294
54111
59897
66689
56893
58952
66914
50975
58107
60798
62167
66353
54091
50300
67102
57890
50801
52699
66137
58096
56809
54160
51998
61152
51247
62406
55384
66404
67190
65783
61754
57465
52236
59763
52280
62958
67788
66322
54285
63439
63860
64440
50161
59550
65936
60849
62101
63632
66642
57722
63660
65472
50657
52248
67158
57443
60660
52938
54975
50155
59825
57492
54326
66424
54983
60733
50248
51598
51440
55965
60643
66990
58813
57362
67280
58186
57104
53324
54554
68040
55083
64769
59065
55088
57654
55030
64867
55188
53767
58607
65049
66221
50260
63000
62615
65095
62350
62656
66359
67759
62993
62031
58903
56384
51775
60653
54275
58006
52196
61342
67559
66274
59649
52022
56749
56385
50293
52976
61425
52572
61120
64601
66746
55769
51154
52221
63673
54121
56600
51834
67254
67317
63194
53230
62915
51984
58362
51852
63389
59939
50157
51701
54093
66541
65306
59203
57069
65791
66249
64501
67800
55687
55213
61638
61651
54825
52195
59293
62130
67416
50816
62801
64591
52758
66855
54866
54667
51529
51700
56016
52336
51021
63381
65593
63246
56860
51058
65657
50214
57303
55657
52397
60840
67284
67605
50501
55942
55056
57285
61978
58140
65206
67456
51341
50343
67208
64199
52680
50272
56201
67528
53068
65041
61701
63402
67114
55340
66439
61122
64809
52607
59297
51656
55207
52411
58691
56729
53788
58187
50931
63324
65027
50426
67006
66136
61799
52350
63232
50745
59640
63388
55753
57237
56569
64072
55322
60112
56200
51326
60093
61959
62845
55834
52709
62696
62396
58643
58697
54156
55602
56864
59937
59832
51945
60543
66486
60096
54722
60559
50666
50916
51394
57181
55428
63210
65748
54728
53576
51851
63148
62933
52354
56540
53815
60352
62642
57803
65579
62883
60417
63879
55328
56962
57156
53716
58050
50346
52837
58490
64748
67547
52068
63262
67527
58981
51717
51711
58165
53415
58190
58332
58616
68081
61761
53768
51951
60706
51589
51129
56338
50769
55476
67720
65766
59518
67286
51839
50865
65533
58993
50466
50389
54941
52605
66193
56373
58835
59942
51794
68129
66232
60136
51841
54472
64156
58564
61549
63914
56927
64460
54215
66150
54140
59517
61176
61553
60663
62552
50327
53929
62149
67303
54706
57096
61417
53337
58554
55311
58497
60674
65264
52420
66283
61156
52546
51550
61857
61498
55705
57756
50475
67555
67294
57714
51544
67839
65506
52322
65385
60874
62711
57418
66499
66582
59868
53583
59208
66183
62613
61776
64645
62572
53573
60598
64985
51287
63581
65641
54843
50858
58963
65934
63760
60678
62722
53198
55862
58317
54274
61850
51379
63590
64180
51652
58668
57908
65176
61138
61672
68173
62886
57976
57356
59895
50694
55096
61455
52272
59408
66625
61654
58994
62912
59003
67099
51720
67850
51244
59213
55983
66414
51471
66814
50472
64566
67518
55943
53368
63180
64385
55926
67174
52711
50750
58290
60224
63445
51145
53810
52829
54947
57580
59618
66158
56491
57191
53243
51096
58905
51754
53544
51630
62367
65134
61762
52504
59814
50624
58567
66298
51718
65077
63983
67978
60491
57729
63640
53627
66609
50452
62431
50139
56192
54426
56602
64705
63564
67629
52733
54257
63046
64141
53866
65901
57212
60528
64503
56775
64681
55939
56839
54133
64313
61227
58319
57436
64856
57235
55517
65411
52426
54209
66828
57763
55296
63867
56308
51144
59843
52261
67617
61699
51234
62943
60794
58264
64778
50602
60424
62742
62967
57256
65479
63195
52339
66063
58392
63237
55612
59613
54131
63228
53975
67576
62373
63787
62509
61899
53737
55464
56967
57336
60935
62298
56436
50245
65591
64801
66844
65085
57665
63460
60173
60102
62521
52301
60030
61632
66878
55360
57268
50401
67342
66285
53790
66669
50285
67680
64194
63884
64720
54396
56954
64354
53034
54475
55826
63762
58789
60658
56946
54304
63672
57997
67954
66339
53313
65918
55728
53933
62872
59851
63347
54165
59313
55836
66262
51832
57591
58237
58311
64322
67161
51609
63876
67038
57534
57802
61372
55850
51662
63421
54230
52194
58679
50999
51753
55679
68038
57562
56380
51264
64975
50338
66294
66442
55305
54618
63604
54771
53436
56830
66447
64579
52712
60368
66565
56938
67951
58289
63988
60919
62778
55527
58044
56069
58017
53015
56095
57232
63341
50867
62653
53387
62638
60117
60007
50467
51846
52392
51635
51271
52974
52051
55545
50759
63885
66929
58124
56143
62607
55470
50322
63831
65673
67258
50530
62877
66032
59283
61484
67848
55374
62356
51772
58127
65006
57141
54523
55150
50340
54393
52053
67089
63299
65307
57589
61640
65780
61885
50953
56707
53818
64253
61065
67296
61280
61036
64164
60936
59661
68205
59469
64388
56042
51070
66682
61234
61706
63638
51646
52166
52124
58233
56310
60965
59720
55436
61193
56519
59530
62204
56626
50631
63661
54080
61172
50992
57034
54529
66449
64706
65014
51697
50539
54305
50942
55949
57385
65250
52967
52438
64746
59060
59144
55406
50982
57543
62003
62414
59164
59760
62240
57491
64000
60882
60799
55468
50861
56672
68036
52009
50457
57165
57690
61621
52157
53920
64690
54078
57687
59413
60973
55495
51548
55849
61912
59202
55933
62944
58617
53066
67654
57579
60997
59566
67011
66522
66986
62386
53864
54349
57028
56505
59574
63015
62841
51924
52129
53323
58388
63045
58797
65159
62928
63047
64117
54563
59269
60593
58614
64633
55122
68143
57152
58967
54037
59734
66998
60942
67033
63650
59605
57504
63353
63227
62455
54446
53409
65637
58260
60645
60342
52595
63649
65135
55987
53505
55169
54161
62816
55252
56227
64244
62577
61320
56439
60970
50220
52794
63182
67862
56887
59450
53674
63810
64933
54630
52873
52688
54506
64038
54047
60427
61442
64264
59726
52437
64068
61534
50611
59872
54660
64272
65137
59691
61724
59710
62745
61464
51938
63403
56513
57163
58750
62197
65259
67902
58572
50974
60843
61953
61982
50588
51124
55021
51301
53420
60686
57511
62794
65964
55988
58444
66861
54244
64379
54469
57964
56629
58459
59749
67956
53381
65816
54419
53547
64057
65300
57338
51414
57990
50639
55226
59458
62039
62082
65288
57318
64574
54174
59659
61866
55148
55532
50169
56475
60023
50978
59816
58119
67630
51562
57442
54976
51172
59516
58274
53834
62332
52710
63430
50564
55716
62015
67687
58917
63130
57944
57493
60304
55561
57276
57671
52489
51943
59165
61504
53725
53361
52714
52478
54972
63792
56784
60301
54355
56659
55424
57788
54971
58120
55298
65376
61592
51518
61704
54185
51726
58046
64286
65129
67517
57446
50532
50911
60218
50417
61190
60284
62066
57090
62690
60079
65436
58135
53862
66769
52580
54954
62205
52550
60312
62291
61077
54768
54750
60463
60066
58196
64567
67534
57183
62345
61611
63333
63059
68161
59084
50854
58956
67549
51845
65349
67739
60542
64520
53304
59847
65326
61614
58587
60480
63212
52028
59268
55191
50238
50444
62590
59694
56709
59008
51191
65106
56203
62177
64575
68022
67668
62900
56564
50247
53896
56103
60654
68185
55966
68188
60174
61434
60207
62425
66382
55118
55350
57512
61867
63206
66446
53735
60851
57354
53773
52152
57061
54456
58637
65869
54149
53026
53833
63759
53171
67974
50781
61165
58553
54173
56622
61733
57615
50920
67575
61831
55439
65567
66185
64561
63442
65530
58482
66738
67631
67040
61556
65852
61509
53569
52410
54922
63671
52703
62084
51435
52611
66535
56683
67981
60449
53167
63114
50760
51102
65623
56416
57570
65808
56212
55904
57231
67307
53782
55932
65122
59774
53913
52376
60234
59741
56482
53111
64430
58051
55597
62558
56689
56184
53089
60979
58404
66354
56067
59904
51334
58890
67779
62617
52860
53437
50600
53977
58225
62231
56917
66851
63965
64090
54621
58715
58398
64343
59109
59281
52575
64185
58364
58739
60791
58099
60258
58660
62504
65001
52193
64688
59579
61390
57713
56008
67136
56268
62616
67711
65681
56361
56688
54247
58435
55710
51676
67562
63108
51883
66293
65425
62370
53680
65555
63629
57661
57463
60557
64097
57732
57290
64857
52631
54606
52497
56031
53336
63221
59172
67513
55880
59301
55272
57139
63995
50302
51627
61591
57766
67892
61832
66402
51950
57801
67411
50283
65648
53936
53931
65424
55885
59658
50990
63051
59227
59768
60213
61768
55999
61882
58910
60089
60247
54105
57288
57977
55242
51509
54950
51438
60905
58923
61741
67860
67157
57322
63631
53310
56898
50806
62250
54477
57373
57550
55409
53308
67939
55432
53305
64546
56019
67152
63477
61124
61202
64901
52164
65255
52828
50525
65464
54875
55037
51559
64334
61319
61009
54773
52531
58730
51433
52486
55415
56145
58256
51242
58727
64807
63027
55066
67421
66184
57434
58845
56280
61993
61074
66296
67469
56583
55789
66430
68045
65459
62479
56535
58315
57650
66838
50593
62622
62363
63073
59018
50252
61420
52481
61460
66902
54556
58177
60295
59393
52748
67910
53321
64103
53341
53077
61949
60050
58706
51380
67085
56693
59454
61313
56674
67104
66358
59998
57711
55039
58937
59002
52776
53703
52844
60789
59351
61401
51473
59861
65619
59730
62265
59486
52724
59762
64451
58812
50671
57327
52878
65807
63973
68078
64959
58352
59124
54973
61276
66984
50445
67653
67331
65149
64397
59957
62733
55224
52690
53343
54341
59812
59793
59360
51964
67383
54183
57569
51437
67947
60762
67403
60909
61893
58457
52268
57859
66658
53138
60381
59090
67457
63274
56453
63551
56058
63732
63809
65396
54462
64944
62662
63781
63646
66802
57599
51643
52835
52031
67031
63292
54303
60344
55087
60445
63599
62976
63593
63378
50332
65823
51175
68206
61206
51019
57948
60250
66555
60887
55033
66436
56548
61083
52086
54565
56614
60248
54765
51785
58027
61895
52302
60848
52178
67414
55957
58197
53147
65066
53551
62506
67381
54850
66776
59647
64553
57889
61655
64174
64432
56592
56544
60695
51671
64554
59148
56155
55003
57739
56047
63739
64215
66278
64508
64824
54232
56477
52586
64287
63706
61386
53103
58678
57981
50570
50422
53754
60177
51864
56703
59623
66451
53151
59791
54507
60644
60974
51584
59425
64467
64295
66307
65598
58188
62143
54223
56959
51251
62272
52215
56750
54648
51248
58384
62436
53633
65692
54590
63293
55483
52861
52646
52989
64308
59135
68091
64779
54526
58723
53049
67709
56217
51865
58694
53090
67890
66543
56846
60251
67431
62565
67264
57653
56667
56100
58580
57350
56158
56854
57786
59790
62542
53303
55833
52464
65580
58969
60100
68134
66961
53766
59399
65323
63861
59515
63539
55580
63576
63721
66643
53606
63244
59990
63816
60521
64260
50780
62477
65617
51101
67671
57993
50370
56356
51690
59449
63680
67984
51155
63075
67591
56191
62166
60808
61242
50276
64360
56915
51309
58324
52206
60235
60035
54844
61218
52569
65392
61051
57607
65184
64699
68121
51995
57516
57455
67486
54082
50295
57065
64205
63058
59099
55100
51755
50196
66602
54483
67794
50980
59602
59699
52863
50503
63284
65620
56696
55198
66757
51067
67879
61112
63883
59599
67163
54124
61209
51887
55583
66534
57027
55780
65196
57441
55361
56699
56316
58688
54441
67305
53998
54586
51976
58031
65857
61828
52582
55691
54638
67049
52218
63410
58632
65524
61769
66584
53536
52787
62661
53753
56151
64974
56870
52831
67140
63463
54926
58090
64519
62666
53561
66352
51626
63775
59278
58058
56816
64811
58166
53666
56745
65091
53914
58468
54643
67417
55986
60263
61488
58082
62445
58804
57748
50679
51011
51008
55907
66003
66378
63304
58747
64551
62813
56242
51426
63511
60544
55801
52671
53365
53364
52082
66506
58680
59467
54403
63074
50313
66623
67225
51940
60870
60888
64861
66533
55094
61814
67825
52632
52761
51861
67656
50307
57701
61876
60161
58732
50174
64805
52865
59170
58941
60497
54645
57078
52641
53781
51396
50182
62980
53732
67644
66974
60436
62219
53194
62714
60486
65744
58316
62687
66330
51615
54211
51788
55395
53558
55726
51733
52419
56381
68186
52374
52509
63502
52692
50645
60828
57270
63394
66431
61029
58024
68055
54388
65660
55882
56526
60713
65972
57619
56934
51807
61596
56507
65687
53611
54412
56087
57357
63663
61345
58113
54467
52507
50591
65419
50436
57947
57230
53450
54458
64761
56576
55785
50969
57073
60765
67356
65094
50775
63839
51823
55357
50875
50394
60038
66615
53433
50627
60578
55397
51534
55540
58378
57764
59362
64465
61598
61317
59226
50259
51600
58736
54356
52188
63975
52955
56333
64954
66347
51238
64250
58551
57222
62688
67863
52391
61358
62051
68145
57305
56267
51447
59223
58275
61016
59783
52284
58297
67818
54571
65470
50748
63261
58512
58665
61222
67474
54537
50753
54729
53881
59943
58621
53264
52250
67793
63043
61359
59750
65258
51216
58069
53853
63851
57841
56003
61025
53414
51528
50498
57828
61720
63329
58805
61316
52314
65397
63154
66313
63364
56442
66729
51081
51420
64114
51752
62543
60094
58866
64293
50132
55945
50373
50664
67749
61364
54216
56895
67205
58683
59571
58141
63774
64109
66200
61622
60280
50886
52526
62505
55017
65815
56210
64510
51992
57524
56193
52819
61921
53667
55601
62587
61056
65174
66055
60684
56951
56160
66945
57555
66058
64562
63110
56639
55441
62723
59331
62160
55471
59966
59850
66025
52484
63935
54339
57858
63878
60642
66716
57917
61438
50904
60999
54437
53945
66191
67563
66866
57542
54032
61501
63711
63522
67877
59487
62907
63516
67980
54030
52698
63297
62083
53642
56628
65923
58253
61694
57877
67905
58654
57887
60856
53030
56336
51719
57594
66794
54687
59848
52961
64140
59239
51458
65691
60838
58671
58919
54324
56205
51278
60691
61433
52551
65662
65073
65185
53058
64095
61995
59433
67538
53962
62107
58086
54171
65232
58199
52461
51608
66133
60475
52199
67594
57351
67819
66817
57703
56582
52384
57708
61582
62579
59334
62103
61688
64228
59999
51961
53985
61963
63583
55846
58217
56534
53728
64470
65279
57016
54200
57132
50387
66791
59110
59928
53135
57727
54327
61635
51256
60478
65787
51745
58731
57311
57112
67455
51363
66730
59064
64534
58844
60582
62138
58088
64753
52106
59683
53279
63473
63665
53186
65466
52722
58641
62085
54898
61983
54546
59617
67936
68046
58501
50693
58441
68175
67437
66292
61092
63443
54468
59081
65320
64181
62235
56418
53799
55516
55080
53309
53214
63873
54283
63779
54743
63121
52443
63545
66512
66529
64268
57408
63282
62466
67443
52705
52063
66071
58579
58825
59501
56424
52918
56556
60052
60300
54195
67558
53895
66012
66677
54885
61268
56005
68193
67005
56529
59815
58376
64111
64851
61430
58066
64347
54762
67146
54591
66827
67701
67166
53317
56255
57561
62991
67211
67328
59777
64163
62308
54268
61933
63300
54650
52876
53603
53446
62863
68096
67315
57565
60182
63857
53407
57566
67658
61061
52812
56157
65629
57548
61333
67645
55875
51558
52534
55569
56262
65101
55806
65551
58738
59715
51573
61918
53660
59722
62432
59542
55547
66427
57173
55019
62090
52890
53840
50314
56821
65435
55508
57558
56470
60898
59879
62336
53362
61060
62254
63561
62981
60064
57248
54991
52887
58796
56353
63014
56189
57494
63028
67204
60272
62880
50279
58746
51898
58898
52469
54389
54769
63820
61104
68103
61414
53618
61100
66992
67706
61128
58891
50721
53195
59823
55144
57178
61110
52854
56510
67164
67707
56243
66464
52332
64719
54625
59778
53967
62114
51848
54754
59615
54980
52475
57530
56123
53287
52661
67329
52843
52903
57307
57093
51402
57955
60975
67077
66843
62676
65400
51364
55997
51948
56360
64874
51436
65714
63432
67224
65843
62280
61516
55379
50406
50957
58947
51660
50670
52977
50864
67912
62467
68184
63260
61883
61627
59980
58307
65275
61254
57740
65679
52119
55541
60167
54392
50130
67774
64331
62512
57014
61790
59698
62679
57323
53129
55290
58258
58476
56721
57529
64766
52170
54835
56348
58931
60571
62924
61827
58514
61376
62457
53134
50290
53268
64577
63846
59723
54956
53440
64013
67178
60192
60724
67195
52316
58918
50365
66736
67196
53228
54846
61735
58489
56827
62322
67919
57166
50427
54845
65917
53458
63030
64393
65452
55804
55253
55866
57785
66115
53301
54334
61710
65611
63547
58669
61050
63245
51076
58452
51464
62518
58996
50871
55264
67672
50929
54057
50464
59115
57716
61533
59274
54823
54253
50229
63441
62809
53545
57101
63627
65078
64137
52000
64225
56596
67962
55209
52406
58105
55587
58346
58761
55779
66076
57419
62098
67595
52465
55740
67402
62740
62947
64745
51343
60907
51498
57677
65521
51279
50264
58653
50382
55008
51769
50166
50281
60520
54348
54580
67545
53295
55330
65324
50855
54073
60616
66999
57685
58881
51400
60802
68073
51595
51492
59398
66415
61901
52778
57053
61736
58355
55075
62341
61846
65974
50250
52018
58942
57319
67601
63302
51821
61677
58287
53469
63420
64315
53645
58610
63678
55426
59108
65242
57097
54417
54673
66562
53591
60180
59094
66497
55665
60063
63083
62570
56880
59339
51315
62056
58752
58049
57007
64623
58234
52079
59567
61453
55465
56051
67122
60927
57627
63875
60813
66612
66489
60649
56328
57347
58285
61679
54343
59639
53284
63100
60516
54724
59799
66490
57845
55160
65120
54805
67072
60217
63331
53091
55524
60171
53027
51448
58790
56342
50704
52994
50128
63618
63497
51953
54221
57645
67642
67510
64892
64024
54045
63647
54967
50488
53712
56605
67420
54770
63476
57179
56367
50535
55651
62044
55840
66685
59073
55893
60476
54863
58839
61551
59216
64773
63007
55640
67735
60760
64621
67896
61465
57496
61081
59837
63451
61148
57811
54868
67979
61589
67867
62629
55261
67396
63785
51480
62038
65595
66290
51259
60627
60507
57306
63960
54680
50668
64133
65542
52951
66732
52813
62535
59294
67096
57923
50320
67755
56299
61482
63755
52667
51026
67248
53996
65989
52023
59862
65130
67066
56323
61494
55501
67554
63495
65763
52366
56370
56080
56891
58519
59406
55097
61440
62097
57667
56730
66667
62667
62247
60270
55392
55005
68119
55874
58249
56457
57910
55788
65751
58672
56593
57384
60389
53448
59964
65363
51923
54927
56124
67436
51409
57490
68138
50577
66848
58676
67197
57371
58035
67375
59102
58929
56545
52321
55348
54737
66341
57498
58800
57279
61807
67413
52644
52656
58040
66029
55064
63754
55733
56662
64641
64371
50737
50812
55183
52810
63565
61188
65160
51482
51956
66715
64056
63217
54237
57817
62775
54164
55036
60592
53235
63543
53957
57898
65961
66770
59452
67335
62175
54775
67256
65262
65011
61780
52417
52386
58974
66127
67233
50672
67637
62804
56112
67503
62563
61261
53661
60541
64615
64612
62865
64962
54315
66072
57379
50386
61916
64310
50531
61063
65644
65942
61792
56064
52952
62710
54974
59845
54319
54939
65993
56835
62906
58104
56048
57272
64324
66634
54730
57026
53934
55052
59193
65705
51203
54184
52343
67132
64123
52610
61796
65226
63636
54151
62790
54402
67647
67781
65463
64813
56013
54733
54053
55158
65597
58329
66143
55539
63423
59689
63737
62482
59317
63895
65666
58255
66873
61785
66317
65152
62621
51878
52075
53943
58067
55876
60785
59646
54633
64399
58292
60429
58712
68008
61463
54952
61575
59266
51707
59996
64654
50895
53775
59321
55812
58173
61437
51253
55810
56776
55832
65263
59986
64796
57852
57630
62899
66901
55243
64220
53976
61523
59725
62494
57029
58777
56464
54799
50643
61535
65589
65105
65773
60551
64957
63029
67021
50834
54022
53890
60032
61214
62583
59072
53048
55316
57775
57712
62360
57324
60451
56759
57886
56177
55758
59598
66968
64774
62475
56209
60868
55963
55553
56948
58576
55167
59246
55669
61272
63719
62895
57576
57903
56500
55503
64814
58815
61984
52789
66859
59802
56249
53259
52982
55649
66483
66104
60386
67615
62528
65892
51382
50270
58902
65951
50528
53575
60473
58596
56234
60444
59961
61623
62348
54502
64677
59610
62803
55535
53133
61608
51331
51695
62214
56085
52369
52995
65429
61757
63819
55662
59013
50477
60439
56726
64859
57664
55629
63866
62458
66406
56371
56511
51585
61447
64599
66125
64736
65471
67272
53122
57185
66783
50404
67311
64710
50251
60751
66592
54740
60373
56468
50216
64344
61783
51740
58972
56896
61610
62831
63193
63142
51035
54493
60223
58396
63395
52412
66492
51517
52399
52624
56779
51686
62333
54726
59007
64187
55026
65872
50572
67488
53997
54112
53398
60256
56553
66478
51045
65817
64797
53779
54225
55193
51012
61043
59831
53704
64362
66329
54127
63937
58330
50984
60297
64605
58245
55839
55185
63092
60407
62830
58729
67247
51199
68060
57792
55349
59303
57613
58182
62449
53375
62541
64291
56331
66818
56225
54235
67952
59701
61934
58640
51108
62152
50822
56888
63747
64060
63793
59963
53011
52387
53819
64936
61860
57965
57411
58072
57317
64844
54594
57510
51136
67243
61863
62648
62946
59946
66712
67967
57204
56616
63978
61387
63890
60978
58556
60499
60928
61409
65558
65795
66019
59391
53969
68100
50385
51960
66210
55613
55314
52226
59709
63438
50137
63129
60120
53435
59641
51972
56563
61480
61917
62033
59156
53586
57353
58480
62080
67466
68141
65336
53746
57963
55864
56044
63740
58437
61412
67045
59071
55490
55002
68150
57293
53150
50510
63191
64871
55962
57468
56089
50820
53187
62305
66147
63277
67047
62832
67127
55137
65954
60656
56071
62834
57517
59324
58033
53770
54981
52309
57978
54961
63928
60481
55968
56964
57194
62753
50551
55129
64175
66545
59192
51161
65811
60781
52740
55956
59359
66461
68152
57521
56871
59651
67655
55621
58464
57070
63715
67188
62492
60345
56033
57924
55575
55811
61039
58950
64535
60168
55822
65072
51873
66551
65457
50612
60685
55883
55475
51431
53350
61419
67997
53912
67725
65856
60750
62283
66207
57337
63552
54190
59343
56236
61154
55333
59392
54518
57839
59231
57564
66654
50209
59890
64063
51135
63843
67866
53978
58609
62580
51239
51141
61377
62705
62860
52232
62448
65257
50866
60865
51424
51803
64186
52264
60949
60198
62036
59191
54443
58215
53176
59468
63319
52345
57482
58741
64219
57047
58870
55300
60308
52450
66152
55212
57375
58063
64878
67797
67659
51445
55046
51547
55007
58880
59653
63320
62598
61461
52849
50785
50740
51263
61090
64806
62140
57017
58229
50636
60647
52076
59565
51706
64069
51404
50778
58650
68056
61743
58221
58449
65447
55154
54181
53791
50163
56289
63842
66054
67970
53830
65922
51267
53514
60455
64278
62344
52415
64107
58175
51641
50318
53876
53955
63103
66989
57488
64002
61748
63125
63668
65222
61707
64906
60158
53670
50298
55944
66134
66270
63798
61416
58103
67117
56183
57939
51079
50425
51223
61269
65299
63032
67068
65804
64312
54289
58857
59595
60682
62606
63374
62288
51966
52772
61524
53765
64555
68114
61837
55028
57055
65895
51441
61325
60382
56250
58162
63945
67705
58824
59965
63122
66417
68149
61198
67165
52149
62728
62737
63167
56417
62072
60552
54471
55126
63479
67795
57865
59152
52577
55722
50623
55370
59378
56724
62499
58299
64498
63698
53577
51280
62649
62151
57401
50470
67113
66042
51774
61350
66805
53057
59528
56375
51513
64622
53224
53930
55456
56663
58667
55797
63363
57945
57623
54787
56742
53637
64971
53659
56286
56137
58613
58745
55877
56710
66745
60876
60806
66448
52403
67684
51759
51783
67076
57422
52626
66966
58914
55218
59547
58247
61298
56786
63005
51450
57081
51640
65368
57527
58849
66139
53817
52290
60637
51693
58541
61951
59171
68026
59775
51406
59357
58442
61462
58943
59877
62654
58342
52962
60940
66858
59901
57536
62674
65920
53237
62043
56874
57587
51735
55308
53882
51859
60588
53964
52719
56666
65507
54720
59973
53597
52015
51850
53636
61531
55855
60099
63613
51678
56358
57051
54549
50454
61986
61146
53686
58603
64480
60797
59327
63504
66366
52139
59243
66569
53298
54555
51588
64282
54006
50712
60946
50352
66580
59483
56903
57688
63128
63557
54887
52615
67128
67212
56039
51856
57760
64076
63926
67435
65058
63342
52548
63404
66398
66934
60245
63205
59236
50479
50932
57741
66110
63012
62217
56282
54752
66681
67861
61258
54069
55182
63608
50331
67430
63281
58458
63219
54968
67347
58893
55989
61905
60982
51111
61049
60564
54544
58517
65985
52790
61139
51046
56837
63612
54027
54066
65578
58693
55457
62978
64607
60696
60133
57348
50691
54139
55044
65718
61826
66124
54101
50366
59159
51654
55048
50484
67295
50659
63452
55418
66146
51522
54025
54042
60237
60231
56650
52788
64406
67814
55178
53280
54628
55905
61529
50193
63023
68079
60501
58578
62833
54346
57921
61263
53221
62540
51636
58018
66978
58075
65600
56413
54576
67043
68016
55071
52049
58837
62951
53087
66530
57960
64122
52726
50774
53525
68066
65505
51401
55072
63902
60316
52099
65194
68005
55690
66959
66806
62364
55164
53522
59488
52906
51416
60071
54286
58150
67918
53329
65848
52846
67626
66964
53979
55149
55458
53370
62018
67037
56405
62421
65182
53852
64176
55647
62849
67799
52578
63177
52213
54052
67447
63713
53647
57752
51780
59952
64441
56609
52545
52459
50546
67836
58495
55594
67976
63349
66009
52201
52500
54218
58821
57798
60867
62376
65201
50375
59407
63013
54061
68137
55283
59000
65381
61816
58756
62430
56503
54316
53357
61920
58180
56034
50306
67598
61079
67185
64435
60854
62006
62675
58868
54911
59978
54454
52228
56409
63934
53339
58718
62261
60472
56908
61994
59785
50720
67582
59217
67608
61182
52993
63535
54682
64333
56790
60452
67651
59870
56971
58894
63915
57885
60776
56162
63264
56014
62623
67783
55152
63803
59442
50509
67433
54827
64248
54433
60399
67683
53306
54940
58822
54736
57349
56562
61904
53168
67569
63738
53076
53269
57451
59451
65181
60943
53043
65028
50156
59416
55675
56321
57137
63989
58571
66703
65414
51535
51228
51029
56474
62903
50796
61396
51298
66981
62913
64678
65547
63328
67427
52515
56618
50353
52972
57693
57904
56156
55023
51907
64941
63813
56455
52037
60384
66007
64950
67428
60659
50608
52554
62447
57413
62076
51837
54314
58591
51385
56278
56344
65302
68043
63257
53325
62232
51260
57370
53019
65292
66927
60534
55729
55950
52752
67596
58604
57998
54995
60860
55280
51729
62884
63514
66099
64101
66234
61011
59257
52307
64459
53320
62118
50761
57404
61191
53154
53571
63400
51284
56129
58011
64011
50274
63855
58735
64314
61147
66552
63580
53720
52457
52809
55446
51748
57942
54180
67210
50441
62715
56134
61795
50847
66504
51065
61766
65730
55694
56799
60670
57812
56315
52937
66289
59893
54354
61946
56284
57730
65685
57344
50266
61708
52731
63577
62007
59475
58192
68198
56232
56675
66977
53294
58065
65727
53993
60225
61809
56588
58862
64445
64121
56646
54059
66829
65062
57424
67015
54641
58337
59496
58415
57631
56022
64544
51557
59382
50496
59424
65243
63091
51306
64515
57331
51798
61915
55692
62755
61477
66192
58401
59332
60537
60105
62411
66695
56207
67133
60969
65906
63951
57144
51041
56253
67580
62682
59857
59116
65948
52783
58583
65197
66718
65938
54150
53202
57105
64428
59066
53205
50598
52373
59078
64115
66647
58048
53501
51661
65434
54397
50870
58172
57597
52973
62998
65148
61331
59476
66336
55560
67027
63458
55291
60572
60376
50923
62088
67771
52804
55576
51880
57595
61645
63462
51514
61722
67500
52541
51890
53700
54889
50892
60719
57126
57704
58433
66834
55635
64986
55921
52924
65566
64429
63808
62764
52342
64738
51530
60538
61336
59438
63854
67171
54987
67688
54378
53892
67108
64398
58367
51602
58374
55417
54369
59674
53503
60547
57211
51574
62761
55993
52122
67929
62444
52838
59228
64882
50594
65154
67260
59776
56651
53020
67014
52713
57292
66282
62501
50403
50758
56245
59232
50956
52620
56968
50682
51603
52210
62285
61010
54627
53740
56889
51060
52858
63676
63920
60435
55814
50986
64356
52959
62014
57365
56641
66048
52035
51675
52696
53060
50585
61266
58137
58091
66174
61848
59684
67522
64541
52779
50170
61454
66650
64211
61098
62313
54381
50991
53036
60730
51320
55101
65267
51318
60725
67802
53461
66444
68169
67809
51651
59100
54532
66813
64747
61356
59527
65321
60489
60394
50722
60573
64964
62498
59055
58817
52059
63135
57118
64948
67440
64651
55678
55123
61082
61926
51276
53494
55001
55611
58054
52853
50997
54331
52701
60911
53671
61739
52912
64046
63827
52454
58663
66046
55481
61169
64812
50181
54003
57755
67880
50675
52277
58193
58354
57366
55032
64564
52627
51819
59276
51229
63369
64184
51090
62502
58340
65517
55251
65694
58429
64292
63795
67048
59160
50224
64521
60757
57867
56550
61130
67306
57296
66095
66050
66531
57039
65975
55821
62001
56167
54751
55556
51184
64713
54186
60558
57332
65885
67087
61195
52673
52138
60959
57499
50724
63468
58998
61779
58477
54892
55268
58774
59320
66520
66179
51147
52081
67762
61765
52954
56657
59383
65736
65079
52647
65052
50192
58529
65366
52614
57907
60871
59251
59510
61685
60937
54509
59940
61793
64582
68053
61427
63699
61641
55579
58160
53328
66789
54601
66248
65545
53741
67392
51246
63140
59249
57489
61836
67561
66419
52966
63149
61900
65937
65603
66916
64364
63414
59821
53523
61253
58008
66507
57869
61143
52588
54678
64099
62186
61015
54233
51488
52757
67453
64335
59773
61752
64818
50697
64768
66605
58757
51935
57673
55777
58540
64321
57928
66399
66723
50596
59764
50430
50244
65647
51541
58921
63976
54788
61073
58394
66225
65969
67059
60195
60274
56009
54312
51467
64213
61587
54620
61626
57402
50917
62633
51408
56728
53635
65098
64447
58386
56911
51965
61734
65667
67525
54420
52798
51317
65486
56926
50696
54970
54920
58865
60877
57100
65207
64491
58372
61997
62052
59915
53332
57681
60317
57316
52900
54862
51033
57771
56473
65854
65042
54436
58282
53722
60633
53053
63061
55192
64138
56603
57805
56301
67297
59912
54087
51219
51996
51725
68070
51452
54077
67468
55622
63356
64865
59682
53718
57339
65247
52532
64415
54269
59554
51211
54415
62211
67719
63459
59721
58838
52423
52283
51104
57614
62762
54909
64461
55425
50713
53292
63788
65236
63674
64189
56825
56139
58243
60041
62601
59866
52016
54830
52452
52347
60512
56125
52402
61569
65273
57409
51784
54785
67916
63435
55131
58300
67395
59636
67367
53290
60281
52388
64234
55848
52988
64846
67925
67639
58379
50407
56972
57314
63772
58365
50478
60363
63209
59338
51708
67471
57870
59374
61861
63288
65863
67227
61784
58328
55081
66869
62208
53644
60708
53180
67766
53008
61288
51592
66532
58089
56377
67778
64367
55688
50356
62923
58991
50733
67587
56918
55724
51730
59905
54661
52414
52114
62009
61639
56421
62797
66561
61968
66078
56484
57277
64036
55491
56082
63112
62751
53805
54148
51207
60523
65984
54158
58408
63652
62663
61355
57547
54842
60702
54128
63095
58417
52764
61493
54989
62640
57634
50964
63949
65234
57308
62278
65803
57925
64495
55938
62354
58094
63163
63079
62077
59284
51886
61729
63886
61590
62544
63818
61435
54263
67119
67312
53419
61940
61411
57033
53534
54624
66332
62624
57949
59421
55623
60800
54465
51901
63789
62089
58686
51710
55246
66301
51847
54933
57647
62879
60721
61185
50944
68093
61322
68041
56554
55174
60242
55337
51002
60796
54371
54262
51903
59146
57533
58916
56851
61661
64580
54676
51860
61950
64245
65431
60426
62295
66611
53678
65535
57087
56565
55865
66652
54803
54696
51790
68089
57751
55051
54459
60916
52625
67064
62407
55859
64584
52252
60193
53562
57552
51927
50235
66560
61705
54905
67148
53846
51926
66558
50899
57719
54969
62805
60846
54588
56481
58109
55453
63307
62416
64455
52909
65121
60852
58147
52150
65958
67327
65878
57815
53947
55244
58021
54918
56765
63891
51444
56002
57868
59133
50545
53953
52062
54430
62091
54208
51031
60119
61343
63161
52282
52802
59006
67479
64708
63540
57321
61696
50420
62379
53554
58022
67269
58473
67565
60847
54753
58407
63062
65248
65853
62317
58198
56270
56536
50330
56806
65423
54328
63427
62612
50301
54434
59927
67071
56296
63057
53621
60841
51039
56229
52674
57522
57003
63107
51684
55542
51418
67189
67886
54072
55533
63943
54924
51132
52502
62835
52609
57743
52231
52893
62292
58025
56947
58045
52697
55584
65048
65570
51055
59514
58728
64108
52530
65536
53080
50336
65193
55676
66906
62016
65762
57359
66167
58377
65126
58059
67844
52179
58071
52822
58298
54891
53802
53345
56785
65613
58009
55302
62462
63063
55837
59716
57125
62237
57481
64104
61368
54486
51634
63386
60440
60527
60162
52780
52637
67482
51322
55737
58167
63653
62561
67859
55828
61114
57663
61944
65489
58819
56758
52496
68010
51140
50553
53118
68111
55510
51987
50345
58510
60088
66205
59173
50315
60577
57816
64473
60277
50826
55759
53212
62866
61388
55701
57735
52742
53455
64606
60065
54815
59719
57412
62961
65655
62094
67030
59431
54450
52223
65055
63932
66214
64010
57190
54414
66675
61354
65200
67763
58019
59645
59299
55145
57672
60779
60268
53367
67131
67022
50573
66016
66804
52847
62686
64788
62756
62781
61277
64241
64249
58542
56036
52120
61171
52685
67498
55062
65564
65636
59844
60081
60958
60995
53959
51915
57266
55142
51460
54330
67042
62988
59287
62729
65289
55119
53995
62739
62394
56426
51867
61478
58525
60184
60748
54075
59435
57124
57648
64028
61111
64032
62763
60122
55574
51809
63750
53550
65990
57578
59329
53093
52334
61499
53110
64545
56319
52555
67786
53119
62708
59576
50171
61256
56907
57117
58528
67300
54900
61536
66633
68195
61178
57628
61315
63924
53378
53231
53438
65941
54998
63990
63143
64880
60768
59415
55771
64226
60392
66082
63322
61718
53130
52239
61251
55110
51116
53925
56365
55844
64340
52594
64045
53162
53653
59735
53673
59925
52737
66595
63501
55058
62032
51293
67770
63687
65064
54373
59626
58675
55211
61444
58936
52363
56586
62264
56093
59900
52872
53359
57200
54487
55913
63316
53724
65873
54321
52155
56279
66979
67285
60566
56944
54925
59420
59130
51130
51176
62375
55430
57312
64092
66112
61194
55982
57799
56501
63118
63889
57059
66656
52409
53389
58566
61491
54040
54899
53163
59930
65549
66513
52785
60530
52375
63139
52968
61770
57784
67623
53612
66781
58248
61964
55250
58575
54714
52072
62513
64316
63396
56317
51308
54166
66864
62413
52167
58391
55739
53907
58284
57374
61283
67502
63765
52017
67932
60986
67187
54536
62372
57809
52333
53352
60694
60090
63179
51991
59739
56037
63731
50799
63428
54494
63872
61870
61842
50372
65574
58356
55514
60945
66096
67829
65642
50656
52512
67710
58997
60517
52168
62916
65294
59209
64300
55013
50967
67116
61731
50727
67744
53565
60755
55391
67820
62610
59289
59354
57759
55713
50825
67541
68067
52682
56902
51266
64958
62810
65977
54681
58778
50845
65214
67044
62215
58443
54239
50522
58629
64127
59304
57779
51909
59004
66074
56362
64789
51273
57519
63252
56027
52830
66493
55434
62256
62111
66170
55121
55741
67004
57698
65494
58841
54870
53108
67953
59539
65070
52743
58806
52662
53142
53005
67828
60039
57054
55646
60465
63733
64085
63318
55714
60016
66608
61224
54677
59056
58507
50328
58987
65702
56811
53692
62233
52136
50153
50776
61405
60881
66372
52385
55449
67107
54460
64006
65025
59059
52769
50614
55946
61542
55558
59187
56561
60348
52655
64074
66156
61150
60191
62551
58873
55971
50146
67318
58720
66286
52148
53291
63233
52921
67986
67316
60469
58419
57227
65830
53875
58439
67448
63666
67001
58722
67975
54358
60374
59347
55952
55128
58769
59460
61259
68042
63641
62281
53838
63503
65707
65516
62776
62189
66471
64595
60249
65465
67842
59583
51312
62750
55009
62854
51310
50256
66617
66646
55216
50351
57901
53123
61066
50361
53793
62251
66319
50160
57807
60618
66240
65438
66940
62063
66346
62161
53482
64463
68037
65155
59705
64087
64987
65768
62260
55484
55881
51681
64819
52212
55816
65862
50597
65199
67728
63941
64434
60178
64209
62769
56734
67729
59638
66132
60594
58288
51290
64763
56560
64524
63097
66073
59005
58892
64257
61174
62717
67399
55454
52328
65082
61456
66796
52717
60506
53000
59688
63200
54831
55500
57484
56720
52623
50835
64146
66933
50443
51485
50363
67339
52600
62470
67382
51197
64223
57778
61646
58899
50517
53459
60149
54473
51118
62207
54188
54614
60617
67616
56608
64047
52946
60599
62628
66067
62917
65295
59498
64149
51501
51796
58871
55948
65462
52922
58502
66837
56831
56090
52424
62423
52395
56290
50543
65305
58879
57038
54438
53445
60918
61210
53498
67649
66247
58440
60391
64930
66620
56834
57271
68160
64837
61660
66587
64033
53037
56190
54603
58592
62271
67592
64792
67590
56376
65239
56823
55259
50690
50562
66331
68124
52908
56719
60201
50962
58518
58475
57153
56543
64366
63338
58639
59127
67253
65952
66093
52892
51377
66083
55022
57447
54942
57109
54859
56456
63379
60513
64600
54543
55581
62193
53617
64825
67226
63850
54050
54229
63954
60420
51946
62685
64604
65833
59139
54592
56942
51532
56943
64422
67172
61017
54110
53410
58605
53690
59578
60632
54466
62150
56611
66784
51553
64154
58814
58615
59616
62971
60264
54474
68002
61687
64279
53759
52996
57289
66790
53216
66618
60134
54820
65087
56391
63002
51782
52259
50707
53251
55625
61094
56857
50846
65584
52581
62885
64826
58422
67823
63826
66854
57479
63229
59218
61583
66235
66157
64208
51696
62307
59740
64214
61228
52805
56313
59714
51168
57746
56978
63729
57560
62392
67074
61384
51628
66443
62008
64363
53814
60727
61682
58932
62236
53246
52770
58861
51954
64727
54674
64139
51419
53613
51840
55925
65513
61599
60077
61977
63017
67387
59505
66422
67345
63910
57546
50946
59885
57242
50195
62246
54587
59140
50296
53878
67183
64928
53813
54766
61974
65776
55565
68014
65496
66952
57987
59117
52010
58168
53596
64531
54657
50877
55854
59506
62655
65144
65876
53460
54197
54747
64425
52602
53200
55486
52338
59143
60657
63429
57605
51133
57829
60131
56244
68094
58014
67330
60992
57606
58638
50548
63171
65076
64898
65995
56974
62127
57572
54056
65581
63598
54978
54429
58538
53413
61557
51582
57460
52041
65162
56610
50492
50879
55738
61155
55652
56960
62270
59386
65765
67662
61875
61295
53009
68122
53776
60897
63113
52292
64573
51765
54840
64894
66325
59656
67599
52927
53470
59310
54710
51667
61988
56919
65947
62795
61179
63306
57914
65602
54717
59403
56261
50374
65585
53084
51359
61085
59612
62533
52245
58486
61647
62618
64453
59859
62636
51038
67716
68049
61323
57345
61275
61282
56012
59195
62002
66008
64198
59507
63563
56912
52249
62218
63899
51206
60390
59800
53511
54021
61250
56783
56332
62391
55974
59456
56431
55770
53566
59252
65838
67726
58219
63814
58927
50282
58181
51604
61181
58057
62822
55344
61373
61093
53453
61537
66254
52418
62930
55505
56446
58161
54886
54538
64696
61530
56115
52100
53528
54986
51533
52811
61811
59632
57284
61307
57988
53950
58001
67446
57278
56434
57765
62997
53795
52808
60774
50938
63484
58474
59712
53213
62744
60607
58413
64190
64400
59642
60720
55367
61380
66164
63630
53074
60159
54155
67231
67990
66187
60944
58700
59104
68110
63835
56502
67747
60634
63173
66052
61620
51551
50138
53619
54413
56283
62028
61552
52536
54461
66057
60387
54293
55590
55747
56438
55077
64947
64620
61747
51375
57439
64629
58202
65138
55525
52094
65693
56621
52839
61650
54690
63391
52064
64627
58829
68194
66748
67193
60549
65274
63947
56814
66744
58131
63446
50579
62874
67249
54108
58924
53492
64559
68142
63518
67856
59254
67698
67760
61397
64132
61040
65680
55042
59062
53777
56355
60563
58399
66059
56199
67434
57574
65928
61095
67696
60612
57044
53484
54141
52273
64376
55663
61432
59584
66126
61879
57864
66659
50762
62390
52449
66409
50856
55994
66089
58985
51230
54416
64329
51337
67841
58238
53429
56682
62799
62128
59531
54505
61262
51569
51365
58209
61215
67069
54997
55210
52792
56447
64201
68099
61197
62213
60022
66787
54688
58978
54292
62985
56352
61053
55958
51291
67969
66752
53022
64712
58344
56437
66206
67406
57475
51590
61532
50555
58227
51198
58983
67419
59255
56144
64822
51169
56687
61788
66947
56572
61967
56173
55990
60818
53668
55380
60397
65394
62645
67499
67663
59758
53166
60934
50526
58710
54818
50211
59874
58840
61308
52460
52882
50474
61686
65050
63656
50754
56104
53531
57115
56231
59348
57738
54212
59138
57210
66894
56695
53256
62099
64469
52039
56530
58762
56997
50516
66238
56692
50757
55863
61872
50258
51918
54498
54727
67846
59200
58446
50725
64485
65847
57846
57391
57937
55310
57526
58933
56531
52523
67359
52899
50994
64963
57253
62358
52621
55964
63669
52380
67581
66907
58855
59397
55658
64247
52275
54002
63705
60864
54573
52926
67175
62909
63141
66473
59620
56541
67597
61668
63822
55745
65179
63235
57758
60126
56396
56488
65914
55825
53146
50688
63336
58911
52300
54360
67821
65682
51994
55386
51751
52999
53270
65450
65246
65163
52107
64004
59929
59794
56251
58169
67155
64504
56664
60983
55918
64922
55076
63081
56024
58414
52915
62287
62110
51593
59809
63208
53095
66856
63984
50461
57440
54929
56128
52055
52508
64700
57632
55515
64992
67607
53873
50392
51979
55263
66186
63066
50915
67472
56494
66698
62523
67944
57670
58368
59974
62893
53491
67444
62324
65940
51792
62529
61670
63925
51932
64643
52917
60098
58886
57878
58602
61540
55668
56219
55796
59178
55534
61924
68136
53917
65879
66373
55900
61451
65537
53466
58211
60821
60194
60993
50590
65635
51421
52128
61817
66660
55793
60723
57501
62294
55124
67931
58651
63162
53951
62873
51503
52487
61961
61771
66395
55940
64632
66704
63718
61163
64563
67904
56368
51411
51838
63175
57520
51372
63848
51370
59917
51524
53941
59288
64271
67105
50473
50396
58504
53889
52670
54684
68032
51500
54489
63682
54746
58636
51222
63685
63515
61937
54051
62179
59093
67589
66049
65983
56340
66713
64872
53911
52207
50644
57617
59198
52254
50173
67695
54009
61715
57147
64873
67405
57010
60950
62902
59718
57609
64891
57600
67162
66356
61616
60087
62023
60692
66671
67871
50305
57174
56463
62297
50162
51655
61908
56632
50508
64419
50191
62526
66208
55903
57001
62664
56146
58304
64370
50578
61789
58913
53126
64755
53178
52001
59590
68027
66265
51713
53992
52755
57874
51889
56567
55626
61237
60366
57071
61558
55181
66549
58472
61585
54227
56411
54861
55894
61239
60187
68034
50808
60254
62727
56735
56522
59247
61312
58228
62897
53242
62144
54949
59669
54739
53473
57782
67063
58102
60894
55416
67194
63717
65826
55827
51043
55274
63825
53121
66594
59272
57162
62299
56185
57002
56307
67268
58056
57668
60913
63230
50971
55343
67973
57192
51300
54298
56305
65378
52057
63493
64758
62605
54496
55655
65820
60853
60780
67056
52279
55871
63962
59183
55589
67062
67583
66258
51071
51025
51659
51281
51545
62983
53758
50213
56389
60327
60091
51644
67699
52153
60074
64100
63562
50269
59457
55960
63437
62982
66141
61022
54313
60671
55751
51357
60409
67822
58170
58382
67366
59824
51451
61264
57686
67039
52073
54819
64159
56432
67377
54561
57133
51189
51087
60746
66519
65337
52686
63853
52008
61446
63350
51200
54774
50880
60984
57164
57182
66559
68176
66853
56218
64113
64155
62154
52029
67971
63444
57626
60086
54836
60434
59751
57376
52505
62158
58016
59491
53958
67693
52950
61730
65341
59601
56865
67734
61539
63513
56702
52775
65987
52036
65034
60811
63763
62163
56462
55749
67540
51188
64345
58749
60378
61658
55961
53442
61662
67073
66342
55197
64094
55795
59608
50489
61518
57225
66256
62361
54763
67091
60703
56845
54399
56099
61225
54685
64210
59142
61173
60125
51325
51836
63753
58539
59271
59400
60587
53220
60548
54748
64206
62473
57971
59840
65404
54919
55732
63119
53908
57021
60199
53493
50768
52425
60334
58500
58976
57850
58308
57466
57407
59969
53640
50977
54738
56906
64683
54482
52184
50411
61458
62660
56701
62839
63076
64058
66053
53923
59312
65426
66348
52516
54287
59358
61550
67509
64016
51502
66044
62704
55000
50667
63415
53948
55842
60145
51629
55359
52091
50383
60021
67450
66211
63440
50449
52708
50263
63080
53615
67523
53588
63553
55248
56372
53736
56661
68172
60535
51221
63770
67333
62652
67389
55897
65203
57400
60323
57364
62626
61245
62169
65417
51351
65497
50520
55802
58144
67870
54855
59245
62630
57067
61449
63782
56604
60585
58836
52747
55888
65891
57821
56423
51013
56295
63183
66309
60325
54869
61177
67857
51241
51776
56072
55981
50143
51496
50284
55362
56598
65945
54104
63771
50342
62702
62719
53677
57310
59350
54098
54064
66503
55595
66931
52533
64086
62726
58945
54144
65571
63697
67145
59811
68063
56921
51959
53598
50950
51507
63533
57420
50890
57377
63823
62595
60687
64380
61291
57768
57962
62366
64903
56883
53987
66862
58151
54333
52187
57131
57934
66795
60008
54833
51066
51128
51022
64816
54142
53102
53177
52867
51068
63578
52622
59275
63465
52677
61129
64850
53702
60574
64407
58360
54705
51968
63956
56873
52766
54966
57918
57791
66720
59448
52262
54023
61936
56318
60083
55041
53885
57556
53848
53267
59989
51270
61903
57972
50561
60054
53932
62990
64457
64731
53403
54636
64593
57946
65740
59849
50311
55627
56116
53891
62510
57006
51930
64976
62371
54810
57549
54777
59558
55720
52118
51010
57234
50568
56815
58312
51479
53183
60568
52276
65520
62290
65563
65096
66841
63153
59592
64381
56107
56578
58122
56644
53351
57229
53203
50692
52499
52422
63626
67386
66970
67046
52971
65325
61602
64288
64965
58600
56228
67742
62187
52125
57537
54306
64361
54513
57188
60908
57531
66982
51911
53124
51694
64725
55954
61815
51014
50273
67768
60313
62538
54353
63372
61786
51274
60377
67702
59884
55772
54567
50839
55299
63905
62986
57297
59839
51044
63865
53112
67460
53373
66111
66350
51912
65553
63821
64443
59300
59738
51413
61287
57497
60676
55157
57205
60153
55867
65503
51757
52144
56171
65104
63026
65522
64570
54783
65240
58524
58770
55155
64375
63448
56627
62310
50662
56555
54020
61948
59544
55270
60441
57715
67524
56460
60333
52197
62123
61153
59627
67764
51193
54058
58210
60484
52940
59664
66215
62054
51577
57397
51974
53372
58973
56892
65704
56802
59519
52654
61619
63723
65960
54652
66635
53342
66408
55462
58547
59950
63310
53589
54910
54551
53388
53906
57260
65499
55831
58038
58273
66315
61520
55401
50607
57309
66045
54288
60132
57050
62472
51963
51955
61691
52455
67301
57486
51855
52331
65640
65362
57326
52019
53024
56764
55507
68116
68087
52095
62641
55526
54921
53285
54260
55105
56957
59298
54806
54572
56152
53276
52759
55438
58859
53938
62780
67261
51285
65822
51566
64866
51826
52474
66295
50540
53607
64438
51484
51715
60967
65427
56630
65504
64862
56403
55502
61028
56767
53039
67603
67550
61880
65238
52012
60155
60286
54085
54154
58052
51870
54385
55636
50413
60404
54463
50619
53538
65190
50288
51779
58558
62887
60921
66088
65606
57186
66037
60241
55931
60712
51702
52043
61803
52358
53515
64787
57783
67584
67002
53322
63802
55598
56935
52396
53188
50149
62005
54013
52413
50308
61007
58013
58717
67180
65204
53349
51174
63156
52335
63614
66261
53408
61422
66154
52447
55757
54189
60968
61612
65785
63270
62777
60179
67812
67360
50922
63365
57800
67292
52836
53018
66172
56999
60175
61000
56881
50681
67826
56126
67281
63214
66324
58944
62417
59478
51679
62966
56788
50827
62713
50610
67214
57514
65405
65653
55338
54107
64254
57240
50948
59016
64661
64966
57060
50989
52147
64412
54126
59126
62597
67441
62316
50458
63185
61830
51919
53464
52441
66097
63155
67410
60303
56175
55295
60332
67358
60709
58986
50277
56591
67324
60271
66701
54731
55650
61119
65527
64786
53500
66518
50940
55172
61109
51173
65575
62537
58875
51005
66883
63249
61873
68017
61503
67730
62183
50145
58810
60711
50698
51062
61086
59841
62125
61675
51327
53427
61131
66735
56717
67220
65125
55257
64514
53792
50930
57000
59481
54201
56969
57269
54758
57911
56050
60931
65556
60985
52111
63692
64817
58990
50783
66469
50278
67627
66971
66944
57979
67144
60515
57068
62248
60641
61702
55115
60287
51542
63991
56483
58568
52317
58601
58980
54153
59670
53451
50450
50851
63434
62939
66865
67754
66586
57057
64001
53067
50642
59306
59846
61865
64418
50987
58765
62442
61604
66836
55727
50312
53012
67035
59572
59979
57953
51115
55334
67792
64729
65097
63745
54299
65401
62041
66628
57082
56169
58581
66333
64153
52344
62602
52466
68035
63031
58359
53726
52818
59238
66092
62306
52628
55790
57458
67692
64003
60422
65747
53314
53208
50198
59766
56341
54301
54988
52891
65355
52433
52227
66441
56818
56993
57216
56711
59761
60364
56057
59106
60433
62973
55450
56254
55991
60584
66041
58869
57483
59432
63271
57674
64395
60603
52383
60953
59581
67365
54957
52763
61248
62019
58235
66284
57062
52879
60477
54084
55735
64266
51237
53055
58726
50842
65931
51814
57025
66719
61514
57172
62132
56838
54320
60787
67704
56479
57214
54713
54119
62403
65525
57676
53021
58920
51818
67833
62191
66459
64597
53513
66040
51195
53462
51621
54256
60915
52162
67223
65170
61923
62546
50650
67487
59780
51443
57107
50218
58402
65002
57180
63433
53483
55731
59387
52427
53274
63044
54781
61617
50665
60495
53787
50299
52446
59258
53750
51009
63801
52235
59921
62858
54993
57024
64842
51971
53346
58545
62643
52704
50326
55016
58626
58764
56714
51387
55234
61584
52046
60964
58281
60899
51369
62277
59131
56271
62300
55278
67463
63616
61091
53326
58965
56826
55396
63239
53219
52050
65051
54923
58185
58856
50747
58393
64798
59440
61208
50483
51415
51397
53417
52958
58995
64904
55177
51692
57369
67761
66474
65652
55442
50609
51347
59743
58348
62194
64849
52458
64994
61574
61810
64921
66142
52202
60355
53312
66976
60456
67019
58516
56965
53742
65088
57221
51212
66753
63615
67483
67100
54735
56520
54398
56961
52240
59663
53755
63841
65786
53865
54791
58513
63974
67240
59769
56094
64918
59668
57622
58999
67543
67660
54033
61406
59759
61402
57583
61257
66197
55427
65510
67407
66226
57074
61088
62362
67346
51499
57819
63088
63144
61101
54817
66227
55184
59499
55543
54401
56068
54074
58032
59754
52845
55301
60335
55624
64229
56074
63550
61871
51085
60878
53003
65356
65059
60398
67425
56504
65777
54883
66888
52393
63186
60693
52738
51201
56885
55225
50836
60835
58748
61932
51892
63357
65500
54147
51993
66410
52241
51939
51027
59657
62273
53210
55201
60729
54719
65608
52255
55223
56083
68088
66764
53804
50178
61887
67853
68112
59235
53949
59290
59575
53921
60525
58792
54531
59972
59629
64023
63034
52864
52570
64251
55331
50677
56533
65796
52998
52745
62569
66849
62026
60109
52134
62408
56040
57394
55127
54245
64608
60783
65057
67893
60347
51299
52651
65211
58611
66002
57095
63635
60698
59959
52462
55698
54822
57119
52400
50829
53928
62229
58390
61476
57540
63287
63791
50802
55233
64336
63077
57040
58807
65870
57705
61824
64338
55902
60493
59447
50927
62836
53311
51934
50542
50638
64277
54008
55407
59122
57899
67182
52285
51680
57405
62868
58060
62046
58619
68197
59330
61580
54514
62931
59666
66369
67385
62393
54368
58353
51332
52599
51703
53064
67398
63084
61657
60816
57983
64355
53859
54192
60106
67606
66630
63992
60615
58453
63311
54718
67319
60661
50616
67646
61410
62311
60579
51272
54703
58808
57330
63568
60766
56746
61723
60460
54096
60933
54593
55782
61975
52896
59540
53624
67553
64488
59949
54882
57042
50335
63296
55685
60602
54895
54248
61303
64634
55760
66394
55018
64785
62651
59439
64835
50620
56194
53152
61507
59525
66758
56179
61856
62224
63520
55411
52004
50129
53629
66488
61071
57694
61468
54568
56260
60010
64323
55313
63832
63938
52431
55332
53340
52871
65111
56940
64193
60628
59991
62938
67097
54490
56023
63773
67055
61527
68011
58159
59643
63693
55730
57938
54647
67732
58767
68104
60701
57175
58515
51106
61020
67057
61746
59936
64686
65665
56026
60613
52687
67674
52372
53909
52185
53192
55568
66085
55054
58053
66302
53070
52874
62268
62087
53553
51296
57122
54055
58930
52981
64285
65890
66749
59971
53730
67881
53738
50287
61519
56538
50646
57045
64411
53897
62669
50222
53656
63303
52407
61207
58784
52796
65616
59551
55794
58338
60211
61586
67622
57503
55552
55518
61306
63959
64342
51277
61800
59545
58585
60186
58420
64492
52902
51885
54175
62438
64158
60269
65560
56297
57720
58897
60416
60307
50210
56105
58625
65643
59757
51902
59184
52591
63201
60029
51540
56452
55221
57473
59585
56981
52735
53083
63172
59230
53261
61068
60314
54464
60767
57625
57223
64408
56127
67242
59655
58664
53101
62908
65284
62959
54595
53190
63393
54138
56369
54655
54089
60018
51978
67232
52267
58776
55474
55829
65351
56327
51205
64178
66033
60359
66800
51734
57435
52287
54130
60410
52904
61695
63478
59954
60331
64523
62426
67985
56443
52978
65910
59692
62276
65107
55805
61473
57106
58714
62995
68047
54871
52256
59316
54005
51487
54351
57430
57145
67843
56900
59770
61240
65809
67245
53144
61721
62357
56165
66766
60562
62399
57797
50605
66624
58484
54613
56733
50324
67271
61684
58887
61666
63950
57113
59169
62554
63321
51137
60326
54665
65557
66485
58254
50418
59492
55922
62428
55393
63811
54394
56848
64899
62586
61233
59650
53946
52186
50446
50459
64148
66567
51194
59687
63527
67378
63948
64528
61006
64940
62055
59318
54569
66246
56168
52303
64309
60812
58684
61930
57334
64635
58121
56240
58261
61097
60487
53926
54982
52619
54520
58823
63345
59830
53695
51048
54608
55273
61341
56140
61495
64980
61526
64404
63170
52479
50421
60253
58634
51204
62275
53684
64665
63654
65627
50275
50333
52825
53861
56277
59163
62228
64937
60200
52910
59988
65508
64754
62196
60139
55265
62485
53662
65646
61168
61167
61404
57049
50354
53401
54137
57767
51925
56497
56795
62314
51227
50317
62065
56868
58047
65010
55934
61244
54725
60212
58606
66440
60683
60880
64166
66117
64909
60265
56654
62398
61914
51936
58543
62034
64673
56465
57177
63494
54102
66833
52257
55109
52895
59597
56449
64820
56032
64843
53499
59614
58450
67640
53705
56743
55112
53115
54088
52130
55979
50158
67564
52741
53812
51657
51378
57919
52571
51410
53386
59087
60006
59913
64887
68159
52020
61137
60453
68171
55765
67921
62680
58081
50972
65286
56076
57669
52657
52169
65712
52525
64217
68190
50729
54129
55111
52649
67497
64783
57333
62221
54864
59368
58970
62222
65256
53432
50894
57644
62936
56518
51392
62937
62519
53657
55697
65491
53425
63286
50832
57197
52905
61767
59903
57854
51830
55857
51862
53307
64318
66090
52098
55673
66822
50791
58326
64916
66949
57011
61878
65208
66279
53904
59088
56828
67903
65583
56625
59533
59455
55879
52913
65674
61391
59256
64196
67830
55383
56884
67514
55906
62067
59522
60290
64359
58279
59788
54054
54912
64173
52543
52715
56070
50852
62932
67740
59151
57844
54878
66122
59119
59914
60024
53905
60795
63036
52576
56395
63588
60001
60124
56970
62100
65512
64728
64325
54639
57906
62011
53910
54960
54824
55134
64784
50368
63744
50840
57700
58843
54932
56343
63621
54453
66128
66365
53579
62707
53478
51047
67363
58955
65544
52045
50860
66960
50559
51040
66742
51061
56096
50951
55063
55204
59292
64516
60396
58070
56894
51875
65329
50873
56979
53709
67624
60550
50837
57084
59637
63870
62954
55585
57176
57680
55040
61338
62904
57037
58635
61758
65837
58820
59995
50966
55924
61335
60322
53159
54837
50239
57257
54522
54945
61782
53681
60814
61159
58496
61300
62352
55309
53542
54103
67216
53431
52480
62450
50918
66885
53106
56161
53616
54619
64672
55414
53578
55506
60350
66722
63559
57592
57692
65586
58708
60383
55519
50563
53849
50465
60890
64991
52074
55319
65345
56043
63016
57043
50689
62898
51112
67115
60197
65114
61571
64979
58786
51614
51844
51561
66267
55254
62464
59443
62331
66539
51319
55312
51107
63964
60113
54557
53974
61062
54612
64636
55571
60339
55113
62972
57638
54431
65219
52807
51815
59123
57840
63575
58704
55012
52983
55809
52824
51899
57726
65750
52589
50653
64044
64759
60650
64884
51146
58201
57892
63664
56551
52801
67847
61235
53900
54204
55707
52984
60202
65008
54856
66663
61697
67409
50830
56181
64684
55460
54350
59746
59118
64283
64040
63526
54841
63730
53508
55830
67801
54265
66060
58992
50547
55873
53733
56669
62770
51985
51843
51358
58766
58631
54653
57320
57882
60500
66874
56364
59111
63764
65926
50544
67520
67480
58339
65283
54916
53524
58830
50434
53140
60570
56274
61286
60101
54539
58938
63123
52583
56153
55572
51395
58034
65086
64222
54656
55923
60181
50872
64479
62279
63102
60221
67439
65161
59789
67815
59681
64614
57989
57544
53608
54162
61717
59685
57360
52645
56196
61897
59323
62490
61938
60188
66109
54322
59962
66277
61292
51182
64252
50699
61294
60952
65991
58000
63987
52653
55721
57683
50487
68018
56387
51235
64034
50355
56580
51007
65615
63972
54984
53796
68126
53963
55511
54668
58503
62678
62121
56490
60157
65354
50429
64365
67160
61656
67124
63487
52751
65346
65794
53248
54383
58036
53155
56259
55306
56406
65038
52143
55429
65944
62245
66368
58687
64594
64482
57876
53086
57773
64741
54222
67081
51125
56909
64777
50552
62162
59161
62404
62842
52495
67995
55363
59563
60123
52754
57004
56174
60467
58597
67933
50798
56524
50661
62941
52434
66897
55400
54809
56136
53826
61794
55499
51900
54943
63449
54826
61019
57593
53137
51481
68113
57749
50838
64505
61528
63724
60991
57787
63090
54525
50164
60662
54798
62827
65805
56660
53266
54893
58674
67633
63882
52389
57931
56973
63313
66498
62896
66065
57999
51969
62767
58432
67340
50823
55563
55078
53160
57083
50844
52030
61483
67470
51568
64327
55095
64655
51455
56715
64569
59891
57563
54422
65296
64019
53423
62560
52736
63648
59286
61058
57642
61851
54484
61578
55858
54410
54852
62209
51089
65689
64403
65371
50897
67206
62359
64926
56347
63377
50853
59410
54512
66460
52154
50703
59082
66871
68123
50889
58139
55099
63025
54759
57381
59747
58148
57252
65317
61309
59922
67593
55229
59176
66831
57149
64649
55067
52156
57444
51283
51519
64739
62531
59361
52002
53764
64676
55784
67780
61381
59818
55231
51434
54600
62657
51493
54552
59549
64188
57968
54876
58709
63909
61166
51082
60591
66288
68106
61774
64390
58957
57428
54609
53824
52820
58079
60430
54958
54379
58779
67588
62808
62925
59577
65150
56366
58842
62453
53189
56492
61106
55787
57080
53845
55521
61423
63231
60230
50651
53097
53535
64420
52404
64949
61927
67875
65528
58349
62596
64018
61797
60565
53590
53664
64414
62142
58451
50359
51121
61170
61925
58358
56872
51526
60278
60648
55896
66995
62303
59593
51034
63529
56266
56264
56976
58798
63211
61680
63625
51006
63602
63216
52090
50906
52435
55237
64540
52559
63109
59923
62665
56931
55469
62779
55746
59248
55117
57226
65976
60778
60739
60863
66708
62724
64481
50728
55146
63011
58306
50203
56920
52898
63824
58179
53763
62772
52608
54550
52485
53851
63399
58760
64648
55093
65235
63385
56113
62170
58418
66144
67681
53521
61772
50341
56065
55699
54117
50524
50151
64831
59523
60640
55951
59234
66015
58076
65018
66563
51059
64240
57660
67494
66816
51739
57189
58010
55463
66463
61346
52527
60996
58385
53723
61026
52574
65959
50702
64830
68031
64120
63207
51122
55680
58689
67838
55369
65759
65039
54511
57342
55775
55170
56623
61321
65253
66616
55488
55038
62320
63104
64274
64704
56349
51150
53518
67473
59797
66482
50640
50794
58608
65541
64722
68118
63147
63447
51069
56066
62338
51801
53059
61597
52159
62048
61821
65806
57863
63470
51879
62721
53527
62785
60620
50960
65420
66114
62192
60009
59270
50772
64170
61966
50654
51921
51362
52585
53593
55214
58531
51546
55633
54914
57154
61853
66243
59536
53161
50397
55512
60672
65007
55287
59260
50233
53771
67745
65202
53418
65498
53050
61445
63408
56791
53517
66360
59396
53497
55898
50742
62433
55139
65866
63741
60519
57072
55262
64732
59947
52817
65656
64110
56755
56741
66772
65102
50571
62807
61145
63009
50749
56450
53128
53107
62156
54579
66955
59835
66222
51525
53416
55452
57913
58117
56640
61175
67876
57789
60423
66847
57502
53884
52006
64530
60638
50630
65227
56084
57389
63606
63375
53265
62878
60754
50435
58682
66678
50817
60369
54317
61692
63094
53871
61038
59916
58080
64452
50165
54709
51728
51430
56386
64054
65430
57089
51857
59733
58263
57620
61818
57195
65252
65270
66425
64913
55504
60432
50476
56952
57553
62021
63301
58411
59707
65671
58954
65523
63491
58982
51914
60279
53919
67135
58183
61132
52131
59371
59953
60185
57217
50460
61888
59552
63196
56613
58334
53327
52171
53529
53564
65251
54095
65818
63662
56932
54132
52058
56612
56549
57079
54146
52948
50928
60815
68044
54962
66899
53226
57092
53638
60004
64297
55477
58661
60216
56204
65829
62115
53714
60514
60047
58939
63256
63106
50678
50206
56469
56712
53004
61103
55570
64698
56525
54767
50491
67000
60749
59242
59976
50136
67937
54558
63704
61284
57150
51802
52463
50900
64276
67464
54515
55116
53391
60505
53567
51119
54884
55973
67236
63158
63799
54400
52126
56467
53916
53780
53411
50536
52953
56154
53010
58853
63894
66994
58627
57005
53215
54917
54872
51275
55162
65205
60914
66091
62953
53006
67907
60893
58462
54068
58509
66027
51543
56673
66922
61340
56056
57281
56829
61183
59141
56772
64462
62004
58755
59328
62451
54965
60601
64689
50150
56963
52104
65554
55459
64527
66739
64392
64353
60446
50859
65056
51179
61290
62562
55029
50576
51653
58759
55388
64106
66641
62758
65342
56216
52815
59630
51257
66564
61013
65043
55222
59634
56269
65919
57649
50965
61928
50893
60471
53634
52133
59210
50176
65716
56291
66412
54449
67703
56977
63308
55681
60904
55549
55815
60012
52552
67078
66521
64709
67784
50180
58265
53363
52584
52612
58371
54004
61505
57199
53300
63510
52327
62876
60583
67914
58492
60561
60639
54236
61123
56461
59345
62571
56636
59107
57843
50743
56208
59970
55336
63845
55220
60419
53297
54908
64552
53954
59935
51882
56842
60019
57657
60540
67765
58526
51983
53825
62269
62585
53570
60990
55562
65871
58826
64265
50939
62802
65315
50378
56841
63710
59401
65699
67191
68170
59051
51795
62184
51077
61027
58158
67088
57857
66839
55043
67432
55566
58023
56754
60412
63168
53282
54589
60842
64799
60793
56471
57584
58555
67221
63022
53800
54198
51842
65634
54780
68080
53669
50527
63587
57228
67270
52442
66517
64919
67600
50641
61096
64236
63116
62800
65485
56751
53794
62387
63800
62524
65271
59543
63146
51099
63019
61749
52137
58971
66526
62172
52935
64743
60807
65384
58184
51973
57300
61957
61844
60569
57655
60457
56241
65902
64255
51373
60056
57601
51163
64129
51820
52716
62846
53358
52542
61909
61554
54277
51425
61204
52092
50254
68012
54240
51210
65821
50236
60061
64320
65265
58246
58563
58426
61725
60360
57950
60866
52964
58112
51571
57380
65168
61293
63594
66423
53254
54000
51470
53626
60509
66911
62401
57774
54457
59796
51428
55245
61370
53870
57814
57604
52341
62611
68000
51565
65449
59810
67873
56633
56752
60688
67546
58200
67198
51689
65009
54793
57610
66548
60362
62788
51023
57009
52856
52537
67878
54409
57567
51032
57753
50626
51572
67757
65448
50471
55607
50968
50628
59430
56886
58652
65473
67869
53937
59067
67274
50265
65899
52881
56287
62637
58953
63472
55717
61713
54017
62500
54337
61247
55240
63004
51153
58481
52888
63586
53109
64537
67686
53652
67926
52842
66912
55373
62786
58005
50167
68132
50581
60972
50399
54704
64760
67884
50647
63624
63683
56882
60130
55346
61764
65907
54701
67349
54666
60092
54421
68109
56558
53117
54721
53428
55180
53233
50648
58430
50955
67785
66465
56476
64273
60503
50961
64007
53601
62588
68077
59934
50409
56330
65979
57888
58321
61151
61260
55327
54182
54202
62796
57637
67229
67868
53747
58588
62814
56573
63278
53191
55186
51407
57220
62201
54492
68085
58874
58827
57108
63312
62875
56055
67200
67854
62855
59014
52032
66566
64182
67209
52192
55267
67689
51980
57429
66601
50237
60358
66726
51958
57707
57554
66219
60357
64383
64088
51123
66930
58988
51350
57608
64351
60689
68052
52694
66527
54508
58195
64670
53798
58966
58901
61141
59490
61069
62914
54177
50976
54271
53688
62871
60855
63506
67276
59182
67585
55711
61999
53549
60437
54689
66780
58146
50232
66075
56631
51388
58505
59819
52781
57794
62109
52663
58029
53869
50649
51922
63204
66900
56159
60652
68001
55074
52939
54001
51339
52173
51510
60805
66501
50433
56904
68125
56335
56303
62852
61521
64714
56485
50442
61671
56738
60129
62684
54031
65112
65664
59526
67675
68117
52640
51778
56850
65063
55559
55358
55084
67678
53939
67334
60097
67557
52681
53507
55034
59690
54694
54179
58445
52561
67556
54418
63006
57066
67715
52175
50201
68039
60214
68025
65930
61273
66484
53073
53827
63874
56046
62136
55027
56326
54365
67798
56493
54367
53540
66727
56982
61265
53502
52928
59280
51139
60922
67388
54617
61281
50227
67775
65410
51663
50734
67690
55403
52108
51422
56164
59444
61003
55929
63657
55927
54964
51367
56133
60951
51336
52494
63134
55719
67539
52762
51100
57086
56956
65037
63258
53252
65483
68191
63041
52297
65099
56579
50979
66666
55610
56744
60118
56690
58100
58685
59017
53631
66691
57855
61267
54937
55659
66581
57930
51750
55838
63164
53509
56506
67110
53701
54584
67298
52117
60431
64059
51552
56119
56585
59157
56547
54485
55433
51872
64191
64280
67083
55773
67461
60144
56794
57196
58536
64952
50384
58240
54092
64511
61813
56645
61839
62409
60629
59569
58499
55372
60042
50803
62870
62910
59077
59309
53625
66958
58012
54213
65501
51913
65285
66149
62559
65395
55165
62889
60053
53063
63251
52087
51255
64239
61812
60262
63736
52047
50217
55387
51057
52390
60448
58801
60697
51355
60715
55279
51587
64373
52568
60989
52470
52969
50334
55660
57208
55171
67625
51160
58716
62119
66013
51486
58751
53872
56346
52535
55551
63532
52080
63223
52553
51714
58522
58858
53474
65515
59521
50215
55591
52362
52405
52436
59240
60875
57515
61541
60160
52739
64840
65188
51536
51516
67151
63352
67942
53002
51305
57662
65676
58896
66384
63137
62734
59404
55766
66710
61579
59856
54170
63078
58257
64653
60196
62869
63469
64790
61219
58594
55339
65610
54374
50424
56877
51871
53031
55578
63931
58214
61089
55437
66648
66120
50310
53715
51858
65559
60482
58323
51313
54065
51669
63982
57731
52841
57851
63628
51389
57793
59752
57646
55764
55173
53883
55892
67418
53698
58062
65915
62241
62977
51360
55404
55467
67934
51390
52177
65932
50567
66668
56771
56945
67950
65758
52368
60955
54090
57390
62650
58508
61808
65698
57193
52556
56163
66030
63714
60941
58908
51877
59136
55992
66825
61744
61252
52916
62112
55102
66162
56098
53991
61144
64261
58788
59409
63927
55513
61075
59596
58174
55702
65233
53454
63919
55996
67391
50849
54574
59556
60889
61561
52725
56351
61001
61755
50304
64337
54604
59162
61216
59167
62353
66338
55763
64694
67927
53539
63498
62339
61255
64693
50882
50199
64888
50469
64494
61057
52606
60823
66846
57437
65894
67332
60309
52439
54273
55684
61712
67251
58126
56595
68020
53262
65353
62075
66570
61212
53335
59394
61037
52103
67326
51236
64657
55073
64711
60873
59955
56337
67731
61907
62592
60630
56732
53965
54611
54938
63020
67983
63634
66034
63127
52483
62575
50207
63294
68075
51024
55631
56170
51511
63398
53679
54839
50903
61067
64875
51527
62699
58270
67851
53382
60418
55451
52323
57909
61379
53467
67310
55742
65166
64098
60283
58125
50451
63298
50995
51097
65802
53056
51616
66734
52244
55289
54295
54814
61681
63690
55619
59573
56748
56392
64352
62412
63326
67130
52771
54495
64051
50506
66782
52488
64348
53822
67277
59806
56836
63471
65909
64066
51683
53457
67109
50504
57146
65672
66077
57523
55341
67438
63220
54772
67241
51495
56914
54159
51768
54527
66621
53541
67899
52897
66754
62720
54632
50255
61431
60963
51829
65339
64885
58656
55588
67501
58138
67721
57513
50502
56272
61367
66327
52348
67101
52024
64200
51028
63900
54664
59125
55884
61804
60844
50565
62631
67313
64602
57582
56859
62427
64625
51781
55608
66169
54605
54024
54163
52083
52914
57856
59586
61108
63071
56770
64151
54444
65391
60857
54547
50499
64659
57932
53729
63272
58721
66631
58108
60772
56514
56334
56516
53169
66638
67341
65277
50367
64905
57571
67508
50680
57378
61609
61314
51632
64956
62856
52110
54992
50494
63701
57557
57659
52315
53273
63184
57363
60556
65022
67255
54794
67489
53902
54296
53639
66524
52310
65925
61737
57213
52773
63707
53289
63849
51342
57361
53894
55091
60560
60141
63560
66165
57128
65844
51391
64303
53051
66304
61631
67827
60353
67343
54252
53786
61158
51113
53605
51323
63505
51475
53278
56092
51762
54039
55959
54134
61415
61042
52065
54692
62823
50913
60901
66218
65380
54243
57013
62274
54545
56302
60414
51110
61874
61142
67207
57973
54116
63834
56833
58753
53592
51606
54267
54874
51213
63267
60651
57415
57980
64224
50185
56571
55230
50159
63569
62441
57769
56130
57922
55523
63492
64339
65304
67773
62768
63675
58681
59992
61673
56594
54699
53548
56063
64951
56459
57927
60337
50505
59504
67024
61378
63466
52855
66196
64374
54407
63068
59662
57559
59250
59340
65318
54534
63726
65962
64409
66178
59918
58915
64233
51220
53585
63178
55194
54094
64548
61855
55492
51157
63368
56073
67940
58313
61004
55976
54372
54276
56408
58889
66973
52230
66259
57372
53676
60895
51824
56101
64895
64289
51476
66212
67504
51982
52672
51849
62069
63131
67834
59907
65216
59199
62693
52511
54904
61366
57824
68174
53333
65573
51876
56822
65123
53072
53506
65291
64912
52840
50371
65004
63538
65398
65338
62497
67511
56797
57264
61576
57956
53844
63596
55695
67353
51853
63768
61186
63619
56109
58269
57346
60103
64588
51869
55878
52596
65100
54307
66502
57335
65153
50751
60220
52730
62157
59120
67526
56166
53348
57250
62735
51348
56619
52359
63817
50364
51515
66275
66733
52562
57528
60014
51977
60315
57658
58380
52639
55402
60939
65033
63691
58301
63218
56110
58064
59267
51805
56487
51816
60883
66903
56587
53452
57880
65703
62304
65020
56086
67445
58644
50204
56427
52557
65350
67201
53149
54749
67184
64542
53691
62573
59686
58447
53772
59463
52633
54906
64227
50495
66494
60673
59941
55813
51531
67807
62793
65444
62058
67664
60461
56000
55496
61618
62410
67928
67058
58781
50205
58405
57682
59427
55912
50456
55376
51611
67573
50735
51288
61105
61232
59580
51687
57795
53393
52852
61448
62258
50797
53356
65261
55915
68071
59633
65117
51554
67604
67118
55294
59607
53206
51806
62784
62888
53648
50339
61385
64346
50257
53374
63582
61791
65319
56933
61389
53761
58649
66547
64890
62787
64037
50582
64543
62749
65280
67994
50841
65030
58802
61564
57678
66396
50660
61922
62840
59883
52025
51586
50291
63101
53600
63055
58250
64105
57184
65855
55677
65886
62108
65192
54944
67032
52814
53675
62956
56224
61361
59145
50766
55141
54309
59724
50905
62369
61624
56819
55853
56731
60257
57427
57358
54359
55872
50786
63939
55910
58291
63573
52089
55219
62789
58589
59820
54481
52857
61408
67650
66175
53094
52593
55845
55586
64832
57581
55497
65927
52524
56643
63064
53099
67832
54542
62195
50309
57035
62244
54382
63767
51329
52746
58560
56187
62984
64827
64917
51908
67423
59967
52361
52791
59147
51457
53956
54282
58520
53752
60450
53384
66596
57754
63086
60095
56930
56226
56634
62730
56581
52549
51050
54046
50711
68203
54888
59373
57518
53658
61162
57902
67246
67982
56010
60243
57169
60705
54795
55049
53007
63360
62198
68130
54716
61012
58573
67535
67267
58577
62377
65128
57325
67422
54813
53820
68064
53404
54258
60771
51491
59909
61375
51704
65678
66882
67570
55176
61318
61357
55861
54178
51269
51579
62199
53426
59265
58327
57790
57448
67054
61116
54821
62732
57872
58262
65690
52848
60319
52797
65493
51490
63847
60031
61087
56053
63836
51822
64506
61678
56875
66991
50249
52894
57456
55104
60624
57099
65728
53390
52975
56451
63655
54663
58646
55355
67533
50909
51580
67676
61285
64444
51942
57445
62266
63957
56647
62000
59190
64306
54860
63778
57459
57689
57247
60704
61492
67999
52371
59570
63070
56357
56499
66080
50767
54935
59968
51808
60610
61054
52097
59562
57076
58703
61271
57959
52070
52513
61859
60758
59168
57837
59513
60971
55682
63642
53888
58623
60743
55634
57130
57538
64581
50970
58431
67679
50242
58252
60298
60738
62141
52618
55014
62691
67718
54097
51178
56975
50732
67477
67808
52237
62975
59888
62812
57776
52767
67142
60625
51685
50253
63748
67989
52689
59153
58852
52238
56905
64691
64911
61304
61301
50188
56844
65669
52803
65860
63202
62024
62511
64162
65587
58039
57781
67451
60395
53927
63766
62548
62212
60998
54669
53972
50349
68050
65851
65124
50246
64977
57158
66121
61236
62049
66163
54626
52520
58884
67964
54828
59745
59390
56021
55114
57975
62259
67758
68115
62395
60176
64646
63461
63003
59376
55755
61992
50395
62829
66756
54284
52140
61046
66107
53479
52011
58309
58928
58366
63213
56925
55984
68165
63784
57255
52288
55321
65711
52329
59975
53247
63035
61351
65229
56238
65266
55153
61032
50123
61763
61205
65625
62712
64983
50415
64946
62234
58207
59695
64687
67855
51799
63897
56298
66987
61249
52598
57849
50225
59697
62293
60215
59703
54599
61329
61125
56120
54439
60365
59379
59873
54521
50752
59660
64656
64041
67756
68013
62384
57893
59548
60458
65340
56862
53543
53181
51605
50152
55998
55529
53572
53899
56400
62328
57056
67408
58771
54955
55778
54405
62452
62059
61487
61078
60839
56656
60403
60336
63224
56849
62064
59852
52956
52003
53092
54578
61512
62952
53696
56078
63776
58673
67374
58544
61413
62171
63548
61565
56102
50241
58470
63416
61829
60669
62677
62555
55648
59079
66575
61568
66686
67302
63145
63911
52182
57757
59524
63610
58534
52146
50814
61594
53806
59993
58226
54596
59175
63454
54012
59429
50482
59201
59477
57633
52132
65024
51383
54224
61652
55614
50519
64613
53842
51508
55202
56686
54890
55661
63856
67369
53496
65659
60428
59604
57696
55408
66699
59346
53710
56958
51931
64666
64662
58565
60526
53480
59786
64396
59150
56498
51417
56992
50144
60111
57341
65913
65721
67023
58940
53396
53960
59436
68054
56430
59619
55140
50226
60163
64350
54079
53744
59644
53982
58659
50744
55284
55356
55068
54169
59677
58318
67393
61798
51944
66935
58335
53602
57273
52271
54370
57926
62920
53023
68180
63450
57742
59462
51340
57304
55065
59951
52408
64218
55955
59871
59622
60597
54106
55228
54043
58283
59366
58877
58163
64424
61121
52718
58799
67026
60045
59512
59076
61802
57736
66456
56186
53156
53584
62405
55035
53272
64571
56716
68127
64821
55911
67025
58343
56018
55047
63456
56422
54366
53760
55082
65543
65409
57392
60285
67384
67537
52044
66662
53412
62646
67149
66321
59215
64256
64650
51744
60809
53582
57155
54858
59508
65213
64640
60252
57836
58153
50633
67322
61636
54249
67490
50507
64179
60002
55398
50537
54076
52723
64679
67141
50219
62461
53495
65080
61070
57263
60680
50973
54867
56378
57019
62106
56574
57291
63409
57432
66835
59085
52947
61674
52806
62062
64328
64847
50833
58007
58696
60401
51904
64669
58130
60858
62146
62549
52216
65347
66572
51289
67991
62694
52544
55715
59356
61231
58521
56648
53687
58277
67278
61113
51928
59948
57433
63367
52352
50746
61566
51866
64128
67998
64716
62200
52180
54804
61149
50878
54455
57416
57920
64695
65982
55125
57471
55718
54428
65576
59611
65865
50423
59464
64258
55255
57750
65884
54280
67922
57860
53240
56147
52172
64477
61126
58511
53734
55767
60699
52634
64697
52931
63756
53811
64522
52760
54300
54311
50189
64854
65218
64195
51555
54670
52176
55817
50949
59337
57598
55389
50998
67968
57267
52925
55304
61898
52941
54194
51209
63546
61630
58222
52597
52920
51183
58984
54120
57464
67804
55972
60296
58438
62798
56285
65365
66693
51052
60496
54049
59308
52069
66525
58904
62609
65839
59588
62040
62334
51093
60351
54199
67484
67373
55783
50881
61760
58085
65167
50726
54784
56985
59808
55628
66006
62206
56017
57224
63037
50788
64829
57912
60114
62843
63970
50874
61649
66452
60742
55609
55025
52432
58863
56404
59729
63247
60015
55683
57198
58191
56652
51196
54278
67849
65367
62921
63979
50566
59635
54708
51120
50556
62351
64586
64080
54996
52821
65845
58847
53475
66420
60380
63289
53125
56397
53711
64652
68157
56677
50262
66812
51042
58900
65781
55215
66229
56575
55577
60788
61742
61246
55548
51620
63570
66389
60623
66510
59500
54187
63426
52353
61472
67390
56041
54742
61593
51405
59541
50764
67449
65019
51321
56763
64924
53044
66299
64230
56233
63419
51937
52519
55466
61931
67179
61753
60744
65550
68155
67362
56584
55642
51917
59282
61189
50604
55819
56007
67007
60728
52986
64900
64358
52121
60305
67897
51292
55382
60371
55293
53217
53828
61525
55196
58633
67041
58533
58498
57015
54214
63761
53379
64592
56388
62225
58793
67321
50914
64539
65775
67400
52749
64647
64853
55666
58979
51311
55674
65461
64319
50439
66379
64062
66767
54517
66303
55908
54642
65314
60822
59706
56939
53748
64157
63708
52668
64804
61864
60861
51126
67364
51827
67691
54060
58960
57827
56180
65621
60425
59319
65210
54812
53241
61653
66405
62227
59956
54220
65388
59997
57449
55620
65402
57551
63944
54760
63187
67777
60408
59181
66391
62935
65782
66105
64721
63523
53855
56414
61021
61825
62481
59302
67803
66556
53510
50941
50898
60845
66477
52753
58083
52078
58369
55203
55435
52398
56429
57352
56617
53174
60980
65814
57170
67275
66799
66173
65147
59813
64015
60474
61485
52997
